AO-07
1 07530U 74089B   26227.77695519 -.00000049  00000-0 -18749-4 0  9999
2 07530 101.9918 241.6463 0012377  19.4261 155.1207 12.53699075367986
UO-11
1 14781U 84021B   26227.48570140  .00000556  00000-0  61977-4 0  9994
2 14781  97.8114 192.4208 0007488   0.7655 359.3574 14.90919348265961
LO-19
1 20442U 90005G   26227.62454803  .00000018  00000-0  23243-4 0  9994
2 20442  98.8843 251.0642 0012162  36.6336 323.5677 14.34137624910911
AO-27
1 22825U 93061C   26227.78443970  .00000041  00000-0  32760-4 0  9996
2 22825  98.6838 295.1633 0007239 287.7997  72.2395 14.30955376715523
FO-29
1 24278U 96046B   26227.53087323 -.00000048  00000-0 -10131-4 0  9992
2 24278  98.5196  68.2683 0348933 302.5483  54.2396 13.53276848481190
GO-32
1 25397U 98043D   26227.55998762  .00000008  00000-0  23837-4 0  9995
2 25397  99.0118 221.8290 0002240  66.1150 294.0262 14.24438167459785
ISS
1 25544U 98067A   26227.08368476  .00005059  00000-0  98393-4 0  9996
2 25544  51.6330   8.6029 0007564  47.5489 312.6138 15.49446478580889
NO-44
1 26931U 01043C   26227.73702601  .00000031  00000-0  42664-4 0  9994
2 26931  67.0499  90.2479 0005654 269.3782  90.6672 14.31974917298977
SO-50
1 27607U 02058C   26227.56091163  .00000453  00000-0  71311-4 0  9996
2 27607  64.5528 305.2686 0073468 251.5795 107.7314 14.83157750273260
CO-55
1 27844U 03031E   26226.97453798  .00000132  00000-0  75932-4 0  9998
2 27844  98.6759 234.7997 0009991  22.0802 338.0806 14.24366642200046
RS-22
1 27939U 03042A   26227.84488625  .00000832  00000-0  13606-3 0  9995
2 27939  98.3480  53.8993 0012586  79.9403  43.5810 14.73559758224334
CO-65
1 32785U 08021C   26227.90018266  .00003314  00000-0  20835-3 0  9999
2 32785  97.8332 210.6006 0008710 173.8273 186.3065 15.09932069994208
CO-66
1 32791U 08021J   26227.50673523  .00011210  00000-0  33683-3 0  9994
2 32791  97.7548 228.3329 0004986  98.1450 262.0357 15.34587066996382
RS-30
1 32953U 08025A   26227.81322171  .00000092  00000-0  58940-3 0  9991
2 32953  82.5079 318.3564 0019814 178.2733 181.8418 12.43182097827105
SRMSAT
1 37841U 11058D   26227.82472852  .00000325  00000-0  32574-4 0  9990
2 37841  19.9726  58.4887 0011740 139.9905 346.6154 14.11586377766256
ZACUBE-1
1 39417U 13066B   26227.79102530  .00003402  00000-0  26270-3 0  9995
2 39417  97.8012 190.4098 0042673  53.1896 307.3231 15.01525106689679
Delfi-N3xt
1 39428U 13066N   26227.73095716  .00005729  00000-0  49202-3 0  9992
2 39428  97.8303 148.0004 0074049  10.2071 350.0633 14.95730359683520
GOMX-1
1 39430U 13066Q   26227.83207300  .00000709  00000-0  11338-3 0  9992
2 39430  97.6446  64.5338 0126776 245.6688 113.1239 14.69603549678675
LO-74
1 39440U 13066AA  26227.80678147  .00001710  00000-0  16072-3 0  9994
2 39440  97.8939 177.0657 0056761 187.9846 172.0476 14.94114433685895
AO-73
1 39444U 13066AE  26227.50369139  .00004071  00000-0  24962-3 0  9993
2 39444  97.8332 200.2357 0035914   5.2182 354.9414 15.10209590688618
DTUSAT-2
1 40030U 14033W   26227.46841969  .00003864  00000-0  20677-3 0  9990
2 40030  98.0896 229.0010 0008933  43.7716 316.4222 15.15686459661669
LILACSAT-2
1 40908U 15049K   26227.83150554  .00012462  00000-0  19895-3 0  9990
2 40908  97.4599 267.0045 0007564  48.9588 311.2318 15.53315926605004
Lapan A3
1 41603U 16040E   26227.84060880  .00001692  00000-0  54592-4 0  9995
2 41603  97.1536 222.0537 0010903 151.7313 208.4524 15.33435009563958
CAS-2T
1 41847U 16066G   26227.73017858  .00000264  00000-0  47202-4 0  9992
2 41847  98.3789 302.7853 0340339 309.0267  48.1075 14.44805670513392
TechnoSat
1 42829U 17042E   26227.41818960  .00001128  00000-0  82969-4 0  9995
2 42829  97.4357  22.8592 0015859 249.6030 110.3494 15.05247423495612
AO-91
1 43017U 17073E   26227.59477161  .00005412  00000-0  23214-3 0  9999
2 43017  97.4610  93.5981 0149866 122.9918 238.5820 15.13457934474370
S-Net D
1 43186U 18014G   26227.69806568  .00002564  00000-0  13255-3 0  9999
2 43186  97.5287 132.1166 0008470 159.4958 200.6617 15.17145956467780
S-Net B
1 43187U 18014H   26227.71071381  .00002407  00000-0  12475-3 0  9999
2 43187  97.5295 132.1176 0009224 156.0502 204.1162 15.17114584467784
S-Net A
1 43188U 18014J   26227.69662000  .00002619  00000-0  13530-3 0  9999
2 43188  97.5304 132.3238 0009105 156.5559 203.6091 15.17154250467781
S-Net C
1 43189U 18014K   26227.71494149  .00002379  00000-0  12334-3 0  9994
2 43189  97.5323 132.4259 0010651 151.2912 208.8909 15.17104594466331
Ten-Koh
1 43677U 18084G   26227.50644575  .00000918  00000-0  72924-4 0  9999
2 43677  98.0738  62.3746 0008504 282.3009  77.7263 15.03135686425071
PO-101
1 43678U 18084H   26227.85089941  .00000617  00000-0  53935-4 0  9995
2 43678  98.1202  66.6826 0010658 337.9472  22.1290 15.00648583425165
QO-100
1 43700U 18090A   26227.85392115  .00000133  00000-0  00000 0 0  9991
2 43700   0.0143 101.7147 0002564  77.5285 118.1908  1.00273788 28279
MinXSS-2
1 43758U 18099A   26227.78390918  .00029595  00000-0  51080-3 0  9995
2 43758  97.4485 305.9822 0006835  58.9973 301.1949 15.50946613423352
AO-95
1 43770U 18099N   26227.69812995  .00006726  00000-0  24987-3 0  9990
2 43770  97.4333 287.7584 0009963 131.5101 228.6995 15.27839832422302
SNUSat 2
1 43782U 18099AA  26226.70514211  .00004613  00000-0  20097-3 0  9995
2 43782  97.4014 279.2079 0011924  92.1244 268.1359 15.22634922421935
SnugLite
1 43784U 18099AC  26227.67983157  .00006495  00000-0  23810-3 0  9999
2 43784  97.3817 281.4084 0004596  87.7468 272.4298 15.28323222422400
ITASat 1
1 43786U 18099AE  26227.68869517  .00003780  00000-0  17983-3 0  9993
2 43786  97.3983 278.0252 0013659 139.0693 221.1570 15.19701601421949
EAGLET 1
1 43790U 18099AJ  26227.70171713  .00001912  00000-0  11075-3 0  9996
2 43790  97.4189 275.7944 0012307 134.3327 225.8916 15.13323552421333
ESEO
1 43792U 18099AL  26227.84594172  .00001429  00000-0  10632-3 0  9992
2 43792  97.3941 262.6736 0013205 126.2557 233.9891 15.04398766420775
JO-97
1 43803U 18099AX  26227.43437985  .00010643  00000-0  31155-3 0  9999
2 43803  97.4078 290.5350 0006791  70.6068 289.5909 15.35399523422712
Suomi 100
1 43804U 18099AY  26227.69239156  .00007236  00000-0  25386-3 0  9991
2 43804  97.4137 287.9029 0011209  74.8583 285.3896 15.29675245422518
ISAT
1 43879U 18111D   26227.82131036  .00137786  00000-0  76358-3 0  9990
2 43879  97.5830 168.2113 0008870 102.3253 257.9007 15.79116817420536
UWE-4
1 43880U 18111E   26227.75296308  .00026811  00000-0  48471-3 0  9999
2 43880  97.5829 159.0467 0010024 102.6844 257.5527 15.49620993419992
Sparrow
1 43881U 18111F   26227.57519963  .03190521  25883-5  10599-2 0  9998
2 43881  97.5942 175.4383 0011181 183.5895 176.5318 16.25696885420805
Prox-1
1 44339U 19036A   26227.87674586  .00008607  00000-0  80345-3 0  9996
2 44339  23.9949  75.1142 0006177   8.9861 351.0749 14.91846796382393
Taurus 1
1 44530U 19059C   26227.84141531  .00004588  00000-0  72834-3 0  9998
2 44530  98.6470  36.4148 0009617 121.7697 238.4447 14.72636567367425
TO-108
1 44881U 19093C   26227.81660234  .00000539  00000-0  66733-4 0  9992
2 44881  97.7494 298.5849 0012077 249.0764 110.9159 14.86596440360272
RS-44
1 44909U 19096E   26227.73445416  .00000030  00000-0  75423-4 0  9992
2 44909  82.5227 300.1436 0217487   5.4615 354.8783 12.79748811309964
SALSAT
1 46495U 20068K   26227.58778976  .00004326  00000-0  14917-3 0  9990
2 46495  97.8876 234.3112 0011464  94.0407 266.2143 15.30538865324446
CSS (TIANHE-1)
1 48274U 21035A   26227.74085052  .00000084  00000-0  52035-5 0  9998
2 48274  41.4707 320.4913 0001117 254.0275 106.0441 15.59020376302466
TeikyoSat 4
1 49396U 21102B   26227.64425010  .00000790  00000-0  52749-4 0  9995
2 49396  97.3654 254.8159 0013768  88.9103 271.3704 15.09686660261690
Z-Sat
1 49399U 21102E   26227.83543250  .00002182  00000-0  10809-3 0  9993
2 49399  97.3292 261.3532 0017712  43.4003 316.8622 15.18663633262495
KOSEN 1
1 49402U 21102H   26227.83045872  .00004515  00000-0  16970-3 0  9992
2 49402  97.3144 268.8471 0013234   4.8539 355.2827 15.27588090263128
HO-113
1 50466U 21131B   26227.82347565  .00000291  00000-0  10345-3 0  9996
2 50466  98.4986 319.8910 0002887 284.1498  75.9370 14.41403892243702
SNUGLITE 2
1 52899U 22065F   26227.40822970  .00000442  00000-0  92677-4 0  9994
2 52899  98.2282  12.1630 0007259 187.9970 172.1118 14.64439441219668
UmKA 1 (RS40S)
1 57172U 23091G   26227.62707161  .00003038  00000-0  13842-3 0  9991
2 57172  97.5001 286.1052 0010777 271.5535  88.4466 15.21395805173040
CubeBel-2 (EU11S)
1 57175U 23091K   26227.83586466  .00008067  00000-0  27637-3 0  9994
2 57175  97.4999 291.6285 0007752 259.3236 100.7132 15.30449566173422
RS-38S
1 57189U 23091Z   26227.85108065  .00011365  00000-0  30880-3 0  9995
2 57189  97.5045 298.5949 0006498 202.5336 157.5624 15.37718605173853
SONATE-2
1 59112U 24043Q   26227.37164932  .00029336  00000-0  32254-3 0  9997
2 59112  97.5593  21.6260 0004794 348.3286  11.7860 15.63128156137128
GRBBeta
1 60237U 24128C   26227.81151994  .00002542  00000-0  18141-3 0  9993
2 60237  61.9914   7.0133 0032410 147.6978 212.6109 15.06999901115250
Curium One
1 60242U 24128H   26227.78672269  .00004769  00000-0  27623-3 0  9996
2 60242  61.9803 354.5565 0031657 142.9204 217.4088 15.13269899115471
ROBUSTA-3A
1 60243U 24128J   26227.78595005  .00004748  00000-0  28144-3 0  9995
2 60243  61.9884 357.3670 0033517 140.2214 220.1349 15.12387411115435
CatSat
1 60246U 24125J   26227.57192378  .00052164  00000-0  50094-3 0  9992
2 60246  97.2017  81.1653 0014960 321.7140  38.3057 15.66312243116667
HYPERVIEW-1G (RS66S)
1 61772U 24199AP  26227.65089155  .01793572  31993-2  12782-2 0  9999
2 61772  97.2556 111.4820 0005323 190.7370 169.3805 16.16897464144111
AO-123
1 61781U 24199AY  26227.83628866  .00005649  00000-0  16059-3 0  9992
2 61781  97.2905  95.9748 0015476  94.1358 266.1655 15.36442243143083
LASARsat
1 62391U 24247Q   26227.85351058  .00025334  00000-0  44687-3 0  9993
2 62391  44.9726 286.0027 0008968 351.7670   8.3072 15.49955150 92566
CroCube
1 62394U 24247T   26227.18843384  .00025783  00000-0  41686-3 0  9994
2 62394  44.9699 285.9882 0009124 355.9637   4.1180 15.52391773 92506
JINJUSat 1B
1 63210U 25052A   26227.68671211  .00010189  00000-0  30046-3 0  9992
2 63210  97.3914 124.5722 0001948 180.6433 179.4808 15.35199583 79223
NUSHSAT 1
1 63211U 25052B   26227.69089693  .00012651  00000-0  33908-3 0  9997
2 63211  97.3887 125.3662 0001516 172.2850 187.8418 15.38126758 79289
TEVEL2-4
1 63213U 25052D   26227.67558846  .00011604  00000-0  32760-3 0  9990
2 63213  97.3812 124.2246 0000654 174.7190 185.4061 15.36532945 79242
TEVEL2-5
1 63214U 25052E   26227.70338750  .00010999  00000-0  31273-3 0  9999
2 63214  97.3807 124.1822 0000509 171.4651 188.6602 15.36327214 79248
TEVEL2-6
1 63215U 25052F   26227.65195056  .00011382  00000-0  32390-3 0  9992
2 63215  97.3813 124.1154 0000423 166.9641 193.1614 15.36291305 79231
TEVEL2-1
1 63217U 25052H   26227.70302399  .00011081  00000-0  32151-3 0  9991
2 63217  97.3783 123.7167 0000307 313.5057  46.6161 15.35689077 79224
TEVEL2-3
1 63218U 25052J   26227.69523078  .00010491  00000-0  30384-3 0  9999
2 63218  97.3788 123.7396 0000205   9.7216 350.4032 15.35758475 79224
TEVEL2-2
1 63219U 25052K   26227.70290394  .00011126  00000-0  32266-3 0  9991
2 63219  97.3783 123.7203 0000351 312.1571  47.9642 15.35702289 79221
TEVEL2-9
1 63237U 25052AD  26227.69483223  .00009944  00000-0  30868-3 0  9995
2 63237  97.3845 122.9517 0003821 302.7476  57.3398 15.33573904 79145
TEVEL2-7
1 63238U 25052AE  26227.68277062  .00009470  00000-0  29725-3 0  9991
2 63238  97.3850 122.8285 0003859 302.5507  57.5363 15.33233671 79134
TEVEL2-8
1 63239U 25052AF  26227.69156647  .00009615  00000-0  30186-3 0  9992
2 63239  97.3848 122.8125 0003919 305.1164  54.9711 15.33221600 79137
SPIRONE
1 66657U 25274H   26227.74318083  .00001294  00000-0  12740-3 0  9996
2 66657  97.7467 156.1891 0012199 168.3724 191.7780 14.93749866 39110
K-HERO
1 66660U 25274L   26227.73151632  .00000835  00000-0  83315-4 0  9991
2 66660  97.7473 156.3818 0013898 173.8021 186.3373 14.94148844 39129
SNUGLITE-III DURI
1 66661U 25274M   26227.78514237  .00000504  00000-0  52385-4 0  9997
2 66661  97.7471 156.4556 0014476 175.0445 185.0921 14.94167581 39130
SAKHACUBE-CHOLBON
1 67290U 25313AU  26227.46210096  .00005683  00000-0  22465-3 0  9999
2 67290  97.3899 301.7852 0010371 140.2146 219.9855 15.25833550 35012
RS95S (QMR-KWT-2)
1 67291U 25313AV  26227.19071655  .00007855  00000-0  29281-3 0  9992
2 67291  97.3895 301.8340 0010013 139.1767 221.0224 15.27665668 34996
Ten-Koh2
1 68261U 25241B   26226.89392595  .00004773  00000-0  20487-3 0  9990
2 68261  51.6592  40.0808 0005920 334.3203  25.7481 15.24511884 23862
JACK-002
1 68417U 26067B   26227.42032998  .00003617  00000-0  17097-3 0  9997
2 68417  97.4616 185.3217 0004067  79.7849 280.3845 15.20027183 20943
DISCO 2
1 68431U 26067R   26227.84588716  .00005150  00000-0  24325-3 0  9999
2 68431  97.4651 185.7357 0003790 116.2571 243.9054 15.19859991 21001
HADES-SA (SpinnyONE)
1 68446U 26067AG  26227.60066450  .00010183  00000-0  46352-3 0  9991
2 68446  97.4444 185.1012 0004741 207.3152 152.7834 15.20884828 20958
PARUS-6U1
1 68456U 26067AS  26227.78599707  .00003267  00000-0  16370-3 0  9999
2 68456  97.4602 185.2721 0004531 196.9525 163.1558 15.18060025 20970
SAL-E
1 68458U 26067AU  26227.43818040  .00004260  00000-0  20974-3 0  9996
2 68458  97.4525 184.8377 0004317 208.9048 151.1948 15.18505073 20926
FSI-SAT 2
1 68792U 26088A   26227.84350039  .00002108  00000-0  14381-3 0  9998
2 68792  97.5143  15.6491 0012806 262.7176  97.2596 15.07230012 17273
OrigamiSat 2
1 68795U 26088D   26227.82806652  .00008701  00000-0  53957-3 0  9993
2 68795  97.5144  15.9764 0014052 229.9407 130.0591 15.09891570 17297
ARICA 2
1 68796U 26088E   26227.85543766  .00002072  00000-0  13542-3 0  9992
2 68796  97.5139  15.9251 0014342 230.4198 129.5764 15.08825334 17298
WASEDA-SAT-ZERO-II
1 68797U 26088F   26227.83917779  .00003890  00000-0  24815-3 0  9994
2 68797  97.5134  15.9424 0014306 229.7718 130.2260 15.09204301 17291
MANGARO-II-Piscus
1 68798U 26088G   26227.69577097  .00002103  00000-0  13606-3 0  9996
2 68798  97.5146  15.8428 0017678 234.3452 125.6131 15.09137321 17270
CO-128
1 69872U 26156D   26227.67576896  .00000623  00000-0  68951-4 0  9999
2 69872  97.7476 127.4092 0003493   6.1008 354.0252 14.90760479  5860
MARINA
1 69920U 26156BD  26227.77656355  .00000870  00000-0  91227-4 0  9999
2 69920  97.7486 127.5890 0008389  33.9590 326.2164 14.92057163  5881
IO-86
1 40931U          26199.45381863  .00000000  00000-0  77536-4 0    07
2 40931   6.0006 322.6653 0012733 338.8432 273.6875 14.79294310    03
LILIUM-4
1 71922C 26067AC  26089.50133053 -.00014632  00000 0 -74472-3 0    04
2 71922  97.4497  49.1617 0004341   5.9603 355.7042 15.16896692    16
VIZARD-METEO (RS38S)    
1 57189U 23091Z   26228.17644774  .00011013  00000+0  29924-3 0  9999
2 57189  97.5044 298.9274 0006520 201.3256 158.7718 15.37725814173904
MONITOR-3 (RS58S)       
1 57180U 23091Q   26228.16883487  .00006414  00000+0  23109-3 0  9993
2 57180  97.5032 292.0864 0009797 242.5571 117.4673 15.28875742173456
MONITOR-4 (RS57S)       
1 57182U 23091S   26228.20991566  .00006518  00000+0  23412-3 0  9990
2 57182  97.5028 292.1024 0009784 242.5868 117.4377 15.28967106173465
UTMN 2 (RS27S)          
1 57203U 23091AP  26228.18822279  .00008460  00000+0  26491-3 0  9993
2 57203  97.5038 296.2846 0006872 212.7326 147.3491 15.33339711173730
OTP-2                   
1 63235U 25052AB  26227.69997138  .00003711  00000+0  15297-3 0  9992
2 63235  97.3777 119.2470 0005014 330.2834  29.8118 15.24693576 78932
239ALFEROV (RS61S)      
1 64881U 25155F   26228.17724036  .00009726  00000+0  29382-3 0  9995
2 64881  97.4607 198.0099 0005903 343.1388  16.9657 15.34439435 90009
